1357		0	1
4548		0	3
1033		0	0
2680		0	2
5116		0	3
1129		0	0
6355		0	3
999		0	0
4934		0	3
4150		0	3
3261		0	3
2391		0	1
5649		0	3
4750		0	3
2586		0	2
3251		0	3
3742		0	3
353		0	0
5241		0	3
4853		0	3
120		0	0
3768		0	3
4169		0	3
4669		0	3
6373		0	3
3943		0	3
5752		0	3
5782		0	3
4231		0	3
2336		0	1
4587		0	3
278		0	0
4010		0	3
4438		0	3
3756		0	3
1882		0	1
291		0	0
295		0	0
1718		0	1
3665		0	3
4323		0	3
2679		0	2
1726		0	1
2603		0	2
5199		0	3
2769		0	2
3717		0	3
3612		0	3
2670		0	2
4436		0	3
960		0	0
297		0	0
5802		0	3
3692		0	3
4654		0	3
5595		0	3
182		0	0
5872		0	3
274		0	0
6202		0	3
3642		0	3
4362		0	3
6152		0	3
418		0	0
5366		0	3
2101		0	1
394		0	0
1574		0	1
1050		0	0
2953		0	2
6509		0	3
2140		0	1
1184		0	0
6412		0	3
3734		0	3
826		0	0
3703		0	3
4932		0	3
1953		0	1
5128		0	3
4008		0	3
1752		0	1
3618		0	3
2253		0	1
1435		0	1
5701		0	3
38		0	0
1175		0	0
6479		0	3
6549		0	3
3856		0	3
3451		0	3
44		0	0
1074		0	0
4630		0	3
1957		0	1
5285		0	3
271		0	0
985		0	0
5160		0	3
4441		0	3
1653		0	1
516		0	0
1226		0	0
4528		0	3
4904		0	3
1683		0	1
5878		0	3
3582		0	3
1842		0	1
3058		0	3
2100		0	1
6292		0	3
2692		0	2
1517		0	1
1738		0	1
4241		0	3
2176		0	1
5283		0	3
1324		0	0
983		0	0
6205		0	3
3388		0	3
5388		0	3
2637		0	2
3671		0	3
4780		0	3
2002		0	1
1057		0	0
4506		0	3
4686		0	3
1620		0	1
2853		0	2
1813		0	1
1523		0	1
2488		0	2
4132		0	3
2505		0	2
5767		0	3
5111		0	3
2635		0	2
4363		0	3
3085		0	3
4980		0	3
5495		0	3
3291		0	3
4144		0	3
4962		0	3
3280		0	3
4417		0	3
535		0	0
105		0	0
16		0	0
707		0	0
3952		0	3
2060		0	1
6396		0	3
416		0	0
232		0	0
5832		0	3
285		0	0
4105		0	3
338		0	0
3017		0	3
4177		0	3
2023		0	1
5077		0	3
6446		0	3
3336		0	3
5144		0	3
1529		0	1
3301		0	3
4343		0	3
745		0	0
5223		0	3
4304		0	3
3444		0	3
5327		0	3
2940		0	2
5763		0	3
4544		0	3
230		0	0
5263		0	3
3409		0	3
162		0	0
747		0	0
3467		0	3
6022		0	3
4124		0	3
1948		0	1
5731		0	3
5104		0	3
2798		0	2
303		0	0
2587		0	2
3606		0	3
5075		0	3
4453		0	3
2428		0	1
1013		0	0
3861		0	3
4311		0	3
95		0	0
1614		0	1
5224		0	3
1563		0	1
2632		0	2
3119		0	3
3879		0	3
4347		0	3
2434		0	1
4464		0	3
2892		0	2
5164		0	3
3905		0	3
713		0	0
423		0	0
1638		0	1
3236		0	3
918		0	0
793		0	0
3189		0	3
5247		0	3
3910		0	3
5051		0	3
3411		0	3
6265		0	3
2344		0	1
94		0	0
2530		0	2
1959		0	1
3051		0	3
3968		0	3
6052		0	3
2068		0	1
6388		0	3
3317		0	3
5042		0	3
2224		0	1
1818		0	1
5381		0	3
5217		0	3
3198		0	3
5276		0	3
4890		0	3
1431		0	1
5661		0	3
3322		0	3
5170		0	3
288		0	0
4203		0	3
123		0	0
4100		0	3
4566		0	3
257		0	0
3160		0	3
4352		0	3
2734		0	2
3866		0	3
5080		0	3
253		0	0
2826		0	2
4910		0	3
4903		0	3
3645		0	3
3150		0	3
3938		0	3
2429		0	1
4974		0	3
384		0	0
6347		0	3
247		0	0
178		0	0
2658		0	2
70		0	0
1247		0	0
2092		0	1
200		0	0
2844		0	2
6206		0	3
6468		0	3
6033		0	3
901		0	0
3289		0	3
2214		0	1
3379		0	3
5632		0	3
5999		0	3
2767		0	2
5569		0	3
875		0	0
5034		0	3
844		0	0
5726		0	3
2162		0	1
2555		0	2
1509		0	1
834		0	0
2054		0	1
4603		0	3
3886		0	3
6239		0	3
849		0	0
238		0	0
5127		0	3
2594		0	2
5254		0	3
973		0	0
2790		0	2
2456		0	2
29		0	0
2421		0	1
2673		0	2
6498		0	3
4698		0	3
135		0	0
1225		0	0
4346		0	3
2503		0	2
315		0	0
3995		0	3
4971		0	3
2762		0	2
4653		0	3
233		0	0
1344		0	1
2785		0	2
493		0	0
2913		0	2
2022		0	1
5505		0	3
2436		0	1
1024		0	0
1014		0	0
4437		0	3
3419		0	3
5932		0	3
3906		0	3
986		0	0
6488		0	3
3605		0	3
4428		0	3
2156		0	1
1670		0	1
3335		0	3
1873		0	1
6120		0	3
4184		0	3
3509		0	3
5463		0	3
5130		0	3
3234		0	3
5816		0	3
2171		0	1
1368		0	1
1105		0	0
5821		0	3
2179		0	1
24		0	0
6063		0	3
1259		0	0
4033		0	3
3315		0	3
1763		0	1
2938		0	2
3407		0	3
6522		0	3
331		0	0
5955		0	3
6500		0	3
6377		0	3
2462		0	2
5095		0	3
931		0	0
4929		0	3
4801		0	3
1366		0	1
6079		0	3
1240		0	0
4056		0	3
5436		0	3
5322		0	3
570		0	0
5423		0	3
3461		0	3
5248		0	3
4994		0	3
3239		0	3
5415		0	3
1531		0	1
6542		0	3
2912		0	2
4699		0	3
2737		0	2
6335		0	3
4607		0	3
3089		0	3
3188		0	3
3723		0	3
6450		0	3
3834		0	3
5751		0	3
2850		0	2
5149		0	3
3415		0	3
2728		0	2
3371		0	3
4360		0	3
500		0	0
3229		0	3
5021		0	3
2649		0	2
2404		0	1
3681		0	3
3873		0	3
5403		0	3
3438		0	3
2865		0	2
145		0	0
3075		0	3
3992		0	3
4471		0	3
5685		0	3
5620		0	3
3689		0	3
6329		0	3
5332		0	3
2476		0	2
689		0	0
927		0	0
3635		0	3
938		0	0
2959		0	2
4004		0	3
3049		0	3
4025		0	3
6320		0	3
483		0	0
1189		0	0
2271		0	1
4513		0	3
832		0	0
6201		0	3
2918		0	2
5742		0	3
1447		0	1
2942		0	2
3827		0	3
5801		0	3
3362		0	3
306		0	0
3503		0	3
325		0	0
4228		0	3
3013		0	3
4578		0	3
4625		0	3
5372		0	3
152		0	0
6376		0	3
2273		0	1
4429		0	3
3386		0	3
2809		0	2
3844		0	3
1629		0	1
1779		0	1
199		0	0
2560		0	2
4199		0	3
4663		0	3
2346		0	1
2703		0	2
6176		0	3
4610		0	3
5948		0	3
1432		0	1
5851		0	3
2339		0	1
2991		0	3
487		0	0
1909		0	1
2024		0	1
690		0	0
4421		0	3
5946		0	3
1567		0	1
92		0	0
6215		0	3
4495		0	3
4153		0	3
3096		0	3
4053		0	3
5120		0	3
800		0	0
3097		0	3
4361		0	3
4450		0	3
648		0	0
1171		0	0
4725		0	3
3149		0	3
6029		0	3
4106		0	3
3321		0	3
1118		0	0
1499		0	1
5065		0	3
5408		0	3
3523		0	3
2522		0	2
4710		0	3
1632		0	1
1009		0	0
4772		0	3
1941		0	1
5472		0	3
1230		0	0
2576		0	2
2723		0	2
4505		0	3
5482		0	3
6562		0	3
6102		0	3
1737		0	1
3520		0	3
6271		0	3
5429		0	3
3267		0	3
5480		0	3
189		0	0
4484		0	3
4518		0	3
1796		0	1
6008		0	3
2893		0	2
5500		0	3
5054		0	3
126		0	0
1712		0	1
1275		0	0
2432		0	1
2782		0	2
809		0	0
5016		0	3
2226		0	1
6350		0	3
4936		0	3
2458		0	2
2473		0	2
2550		0	2
3600		0	3
3878		0	3
5804		0	3
5289		0	3
3984		0	3
1868		0	1
2249		0	1
5741		0	3
4162		0	3
4918		0	3
2423		0	1
5518		0	3
1323		0	0
1501		0	1
4042		0	3
1655		0	1
766		0	0
5264		0	3
6226		0	3
5059		0	3
4392		0	3
5630		0	3
1310		0	0
58		0	0
2655		0	2
2372		0	1
1579		0	1
1079		0	0
3928		0	3
1926		0	1
2735		0	2
1816		0	1
1026		0	0
6524		0	3
3441		0	3
5721		0	3
4165		0	3
5698		0	3
2651		0	2
5849		0	3
5850		0	3
1446		0	1
1202		0	0
1124		0	0
2001		0	1
6264		0	3
2337		0	1
3052		0	3
6279		0	3
584		0	0
4532		0	3
2449		0	2
5648		0	3
5980		0	3
6290		0	3
4044		0	3
5737		0	3
3517		0	3
357		0	0
1382		0	1
4291		0	3
1609		0	1
5318		0	3
2310		0	1
5089		0	3
1807		0	1
484		0	0
341		0	0
2718		0	2
2538		0	2
2593		0	2
125		0	0
11		0	0
4048		0	3
1233		0	0
4467		0	3
4354		0	3
1675		0	1
6368		0	3
4605		0	3
3421		0	3
1758		0	1
4180		0	3
5068		0	3
1643		0	1
161		0	0
1345		0	1
34		0	0
1937		0	1
6057		0	3
4129		0	3
4988		0	3
6047		0	3
2433		0	1
1380		0	1
1438		0	1
2671		0	2
5775		0	3
6259		0	3
703		0	0
4535		0	3
4529		0	3
4474		0	3
6214		0	3
6124		0	3
3897		0	3
5163		0	3
6199		0	3
1214		0	0
6046		0	3
5442		0	3
4805		0	3
5586		0	3
1272		0	0
827		0	0
5190		0	3
2931		0	2
3078		0	3
1397		0	1
142		0	0
551		0	0
3794		0	3
4694		0	3
3920		0	3
6322		0	3
2878		0	2
1958		0	1
4955		0	3
6367		0	3
4837		0	3
5645		0	3
3580		0	3
415		0	0
912		0	0
5474		0	3
3536		0	3
4985		0	3
3947		0	3
2621		0	2
3843		0	3
1907		0	1
2924		0	2
5288		0	3
4552		0	3
4052		0	3
6540		0	3
4689		0	3
5542		0	3
5857		0	3
3320		0	3
2205		0	1
1427		0	1
2097		0	1
5710		0	3
4269		0	3
2455		0	2
3408		0	3
4592		0	3
431		0	0
1555		0	1
2056		0	1
2152		0	1
2536		0	2
1152		0	0
6291		0	3
4487		0	3
708		0	0
183		0	0
4731		0	3
118		0	0
1236		0	0
1903		0	1
2291		0	1
959		0	0
2920		0	2
3564		0	3
837		0	0
907		0	0
5361		0	3
5378		0	3
2290		0	1
979		0	0
1753		0	1
2999		0	3
5807		0	3
4866		0	3
6343		0	3
3727		0	3
6400		0	3
2719		0	2
4028		0	3
5761		0	3
1363		0	1
2867		0	2
5471		0	3
964		0	0
2127		0	1
5499		0	3
3690		0	3
1179		0	0
3810		0	3
754		0	0
1253		0	0
4897		0	3
2838		0	2
5331		0	3
2639		0	2
3246		0	3
727		0	0
2403		0	1
4876		0	3
1448		0	1
2568		0	2
5284		0	3
3868		0	3
3226		0	3
3403		0	3
4563		0	3
4751		0	3
3209		0	3
6191		0	3
4235		0	3
5245		0	3
4970		0	3
177		0	0
3136		0	3
4670		0	3
617		0	0
2981		0	3
2036		0	1
4516		0	3
610		0	0
586		0	0
4609		0	3
2983		0	3
2035		0	1
722		0	0
4676		0	3
1402		0	1
5182		0	3
4094		0	3
2779		0	2
435		0	0
4741		0	3
3440		0	3
782		0	0
2641		0	2
1987		0	1
2592		0	2
3548		0	3
482		0	0
5562		0	3
5394		0	3
421		0	0
5627		0	3
553		0	0
2768		0	2
528		0	0
6194		0	3
5718		0	3
5343		0	3
2925		0	2
4176		0	3
583		0	0
3356		0	3
2341		0	1
2118		0	1
5179		0	3
6189		0	3
5989		0	3
234		0	0
1639		0	1
1282		0	0
133		0	0
4821		0	3
6559		0	3
322		0	0
902		0	0
4795		0	3
3121		0	3
2135		0	1
4425		0	3
3593		0	3
289		0	0
4878		0	3
4784		0	3
196		0	0
1481		0	1
21		0	0
1115		0	0
8		0	0
5830		0	3
4989		0	3
1702		0	1
4926		0	3
1426		0	1
1801		0	1
4329		0	3
6393		0	3
261		0	0
3709		0	3
897		0	0
2510		0	2
1720		0	1
4990		0	3
5193		0	3
4196		0	3
6391		0	3
5417		0	3
3854		0	3
4703		0	3
4012		0	3
456		0	0
5897		0	3
3319		0	3
2206		0	1
6038		0	3
5831		0	3
1789		0	1
5102		0	3
606		0	0
2847		0	2
3738		0	3
1032		0	0
1424		0	1
1335		0	1
2915		0	2
5746		0	3
3616		0	3
3259		0	3
4022		0	3
6331		0	3
3144		0	3
5836		0	3
2629		0	2
5582		0	3
2551		0	2
1437		0	1
2058		0	1
5663		0	3
4473		0	3
3063		0	3
2973		0	3
3277		0	3
2684		0	2
2559		0	2
4249		0	3
5219		0	3
1255		0	0
2596		0	2
5924		0	3
5008		0	3
1442		0	1
2627		0	2
2514		0	2
1393		0	1
821		0	0
924		0	0
3832		0	3
4650		0	3
5328		0	3
2213		0	1
2395		0	1
5393		0	3
5180		0	3
5003		0	3
824		0	0
6425		0	3
6382		0	3
6369		0	3
1330		0	0
1961		0	1
5461		0	3
577		0	0
4192		0	3
896		0	0
2478		0	2
4427		0	3
4161		0	3
4340		0	3
2083		0	1
66		0	0
4515		0	3
2460		0	2
2715		0	2
3881		0	3
3493		0	3
3710		0	3
1311		0	0
4917		0	3
176		0	0
1381		0	1
2750		0	2
5255		0	3
5369		0	3
6100		0	3
1130		0	0
1232		0	0
1714		0	1
3975		0	3
6036		0	3
4949		0	3
4688		0	3
2828		0	2
1332		0	0
1135		0	0
6099		0	3
3141		0	3
5579		0	3
4366		0	3
1942		0	1
1525		0	1
5960		0	3
6204		0	3
2904		0	2
5785		0	3
333		0	0
3757		0	3
5081		0	3
1441		0	1
3185		0	3
2409		0	1
5143		0	3
4262		0	3
309		0	0
3281		0	3
4891		0	3
4976		0	3
3158		0	3
220		0	0
1776		0	1
4288		0	3
2410		0	1
3496		0	3
4229		0	3
350		0	0
1449		0	1
1206		0	0
4724		0	3
4454		0	3
3875		0	3
2653		0	2
2148		0	1
4493		0	3
510		0	0
5629		0	3
2890		0	2
2840		0	2
2721		0	2
440		0	0
432		0	0
3592		0	3
2183		0	1
5616		0	3
5694		0	3
6089		0	3
5358		0	3
4527		0	3
361		0	0
4730		0	3
5764		0	3
3489		0	3
4314		0	3
5575		0	3
709		0	0
5953		0	3
5633		0	3
2237		0	1
6217		0	3
5432		0	3
5843		0	3
3100		0	3
3332		0	3
630		0	0
4426		0	3
100		0	0
636		0	0
6428		0	3
5813		0	3
6088		0	3
1279		0	0
5294		0	3
5866		0	3
2263		0	1
3675		0	3
6439		0	3
5293		0	3
2531		0	2
294		0	0
1015		0	0
2958		0	2
6148		0	3
1830		0	1
2625		0	2
2977		0	3
6383		0	3
71		0	0
3971		0	3
312		0	0
2416		0	1
358		0	0
1593		0	1
3549		0	3
4508		0	3
5455		0	3
2468		0	2
2262		0	1
936		0	0
2308		0	1
2789		0	2
780		0	0
3700		0	3
5002		0	3
4806		0	3
3390		0	3
442		0	0
3107		0	3
1134		0	0
724		0	0
320		0	0
1196		0	0
1805		0	1
1031		0	0
3926		0	3
5759		0	3
1180		0	0
697		0	0
3359		0	3
1927		0	1
3923		0	3
4881		0	3
1859		0	1
2062		0	1
5124		0	3
5427		0	3
1329		0	0
4538		0	3
4996		0	3
1328		0	0
3196		0	3
4446		0	3
5667		0	3
5392		0	3
4745		0	3
4855		0	3
2293		0	1
5702		0	3
2859		0	2
974		0	0
1317		0	0
2426		0	1
4649		0	3
3134		0	3
3693		0	3
1914		0	1
2935		0	2
2158		0	1
373		0	0
6461		0	3
317		0	0
1096		0	0
6140		0	3
4011		0	3
1246		0	0
1354		0	1
113		0	0
3587		0	3
3424		0	3
1634		0	1
3270		0	3
1566		0	1
3774		0	3
3203		0	3
4216		0	3
6361		0	3
1101		0	0
3571		0	3
3163		0	3
4623		0	3
4512		0	3
3817		0	3
1955		0	1
5208		0	3
2946		0	2
2537		0	2
4571		0	3
2185		0	1
3620		0	3
5930		0	3
2406		0	1
1706		0	1
4511		0	3
955		0	0
3790		0	3
1527		0	1
2646		0	2
2804		0	2
3		0	0
2037		0	1
4270		0	3
6126		0	3
859		0	0
1038		0	0
3276		0	3
3534		0	3
573		0	0
6319		0	3
6491		0	3
2743		0	2
5533		0	3
710		0	0
3171		0	3
471		0	0
6506		0	3
286		0	0
2839		0	2
2716		0	2
496		0	0
2278		0	1
1894		0	1
1828		0	1
4915		0	3
2198		0	1
5979		0	3
2497		0	2
6218		0	3
6190		0	3
3073		0	3
212		0	0
719		0	0
186		0	0
6097		0	3
6060		0	3
2117		0	1
2125		0	1
4877		0	3
6496		0	3
5048		0	3
3154		0	3
6196		0	3
2569		0	2
1585		0	1
6452		0	3
1208		0	0
3644		0	3
4961		0	3
1035		0	0
180		0	0
967		0	0
4243		0	3
3815		0	3
5135		0	3
6017		0	3
5374		0	3
4017		0	3
3514		0	3
5933		0	3
3170		0	3
5305		0	3
1654		0	1
141		0	0
3361		0	3
4488		0	3
1193		0	0
5261		0	3
1778		0	1
4405		0	3
3662		0	3
3033		0	3
3621		0	3
4219		0	3
4523		0	3
1889		0	1
6403		0	3
882		0	0
1817		0	1
700		0	0
209		0	0
5862		0	3
5290		0	3
2359		0	1
748		0	0
5744		0	3
4683		0	3
645		0	0
6484		0	3
3993		0	3
3130		0	3
1472		0	1
379		0	0
3891		0	3
6238		0	3
542		0	0
2095		0	1
3330		0	3
3851		0	3
4546		0	3
5882		0	3
1081		0	0
4545		0	3
4350		0	3
3562		0	3
5758		0	3
3685		0	3
4542		0	3
5402		0	3
4648		0	3
3237		0	3
4254		0	3
6050		0	3
726		0	0
5770		0	3
771		0	0
1139		0	0
154		0	0
2294		0	1
5739		0	3
4541		0	3
157		0	0
1995		0	1
441		0	0
478		0	0
686		0	0
4483		0	3
1902		0	1
5046		0	3
1823		0	1
2318		0	1
4273		0	3
4860		0	3
395		0	0
6110		0	3
5691		0	3
2630		0	2
1578		0	1
4682		0	3
170		0	0
4296		0	3
3021		0	3
1278		0	0
4781		0	3
2144		0	1
5052		0	3
1950		0	1
6282		0	3
5452		0	3
3029		0	3
948		0	0
5407		0	3
5204		0	3
6272		0	3
5438		0	3
2830		0	2
2660		0	2
1473		0	1
2241		0	1
3083		0	3
5405		0	3
575		0	0
5446		0	3
3594		0	3
4819		0	3
951		0	0
4752		0	3
965		0	0
4938		0	3
2579		0	2
4637		0	3
1169		0	0
5268		0	3
4098		0	3
3780		0	3
3470		0	3
4898		0	3
4468		0	3
4763		0	3
4786		0	3
335		0	0
127		0	0
6181		0	3
3169		0	3
4841		0	3
4387		0	3
2445		0	1
3071		0	3
4093		0	3
1989		0	1
5528		0	3
1549		0	1
3164		0	3
5138		0	3
4298		0	3
4643		0	3
5833		0	3
5959		0	3
3425		0	3
4824		0	3
351		0	0
3405		0	3
2757		0	2
1434		0	1
6056		0	3
1871		0	1
1601		0	1
352		0	0
4620		0	3
3643		0	3
871		0	0
1120		0	0
2504		0	2
2324		0	1
3146		0	3
5389		0	3
569		0	0
2845		0	2
4049		0	3
3327		0	3
5153		0	3
50		0	0
4217		0	3
2540		0	2
5151		0	3
3547		0	3
624		0	0
2383		0	1
2077		0	1
1908		0	1
3530		0	3
6117		0	3
2363		0	1
3103		0	3
2184		0	1
541		0	0
6054		0	3
4585		0	3
582		0	0
1748		0	1
3608		0	3
4958		0	3
2899		0	2
853		0	0
3201		0	3
4816		0	3
6077		0	3
1299		0	0
6308		0	3
5494		0	3
1791		0	1
6531		0	3
2960		0	2
35		0	0
2482		0	2
2330		0	1
5995		0	3
4754		0	3
3337		0	3
2245		0	1
1893		0	1
3216		0	3
3555		0	3
254		0	0
3764		0	3
2424		0	1
5211		0	3
4713		0	3
3377		0	3
4263		0	3
2277		0	1
3151		0	3
641		0	0
4073		0	3
5534		0	3
1929		0	1
1781		0	1
2414		0	1
1520		0	1
2407		0	1
148		0	0
5172		0	3
3109		0	3
4773		0	3
5250		0	3
3342		0	3
3349		0	3
4442		0	3
5551		0	3
533		0	0
5664		0	3
835		0	0
2976		0	3
3381		0	3
524		0	0
2025		0	1
4674		0	3
5225		0	3
2855		0	2
1756		0	1
4230		0	3
944		0	0
557		0	0
5665		0	3
2331		0	1
3194		0	3
995		0	0
3577		0	3
3994		0	3
6080		0	3
4415		0	3
5487		0	3
2109		0	1
3397		0	3
2752		0	2
5884		0	3
5774		0	3
2192		0	1
5920		0	3
5511		0	3
231		0	0
383		0	0
158		0	0
6544		0	3
3956		0	3
1474		0	1
4997		0	3
5383		0	3
2394		0	1
6429		0	3
4606		0	3
2298		0	1
108		0	0
2683		0	2
2640		0	2
4758		0	3
5479		0	3
3894		0	3
392		0	0
164		0	0
6511		0	3
2072		0	1
4831		0	3
5711		0	3
2268		0	1
1999		0	1
1017		0	0
1821		0	1
5145		0	3
5834		0	3
3084		0	3
1107		0	0
547		0	0
1327		0	0
5519		0	3
3284		0	3
3241		0	3
5084		0	3
1364		0	1
1847		0	1
3977		0	3
5736		0	3
3456		0	3
1641		0	1
3011		0	3
1502		0	1
3263		0	3
1062		0	0
3479		0	3
3385		0	3
5792		0	3
372		0	0
2760		0	2
5814		0	3
3495		0	3
1853		0	1
2		0	0
1294		0	0
1844		0	1
4364		0	3
2612		0	2
3647		0	3
818		0	0
1108		0	0
5873		0	3
5593		0	3
3762		0	3
5809		0	3
4306		0	3
5113		0	3
1459		0	1
1475		0	1
1739		0	1
2549		0	2
5278		0	3
1270		0	0
2842		0	2
4397		0	3
1409		0	1
702		0	0
1990		0	1
1114		0	0
1068		0	0
3775		0	3
2533		0	2
4916		0	3
2541		0	2
2725		0	2
2741		0	2
1456		0	1
5854		0	3
4960		0	3
579		0	0
279		0	0
4857		0	3
4530		0	3
1666		0	1
5896		0	3
1274		0	0
430		0	0
3777		0	3
1003		0	0
5686		0	3
666		0	0
2381		0	1
4256		0	3
5336		0	3
5580		0	3
449		0	0
3283		0	3
6242		0	3
4423		0	3
2151		0	1
83		0	0
4700		0	3
2534		0	2
5187		0	3
5082		0	3
568		0	0
3728		0	3
1694		0	1
786		0	0
3884		0	3
4562		0	3
634		0	0
2057		0	1
6453		0	3
6223		0	3
2305		0	1
3818		0	3
5577		0	3
2881		0	2
6255		0	3
2516		0	2
5166		0	3
6243		0	3
923		0	0
434		0	0
3541		0	3
5200		0	3
3499		0	3
1586		0	1
5057		0	3
3799		0	3
3420		0	3
4214		0	3
3871		0	3
5917		0	3
5868		0	3
4121		0	3
2652		0	2
1637		0	1
6002		0	3
4766		0	3
5852		0	3
4975		0	3
1127		0	0
742		0	0
5672		0	3
798		0	0
17		0	0
4922		0	3
6354		0	3
2980		0	3
1077		0	0
3996		0	3
1810		0	1
4832		0	3
1878		0	1
4155		0	3
2021		0	1
6173		0	3
1762		0	1
381		0	0
4079		0	3
5608		0	3
977		0	0
3573		0	3
3290		0	3
3893		0	3
354		0	0
5359		0	3
469		0	0
781		0	0
552		0	0
2985		0	3
2872		0	2
4622		0	3
2401		0	1
1673		0	1
4652		0	3
5244		0	3
3637		0	3
446		0	0
3572		0	3
3482		0	3
814		0	0
4117		0	3
2797		0	2
214		0	0
1972		0	1
4353		0	3
4945		0	3
5614		0	3
2204		0	1
5399		0	3
4746		0	3
2722		0	2
5916		0	3
6171		0	3
5772		0	3
2265		0	1
2038		0	1
1298		0	0
2217		0	1
1649		0	1
5117		0	3
1194		0	0
4083		0	3
3989		0	3
1831		0	1
706		0	0
5300		0	3
5631		0	3
3095		0	3
5007		0	3
3172		0	3
3976		0	3
1440		0	1
3553		0	3
4802		0	3
1041		0	0
5177		0	3
380		0	0
6287		0	3
5720		0	3
2644		0	2
619		0	0
3318		0	3
4800		0	3
1736		0	1
4187		0	3
6556		0	3
1728		0	1
5573		0	3
9		0	0
5279		0	3
82		0	0
138		0	0
1971		0	1
5493		0	3
5967		0	3
695		0	0
6406		0	3
1533		0	1
4740		0	3
3953		0	3
103		0	0
2614		0	2
1696		0	1
2282		0	1
2086		0	1
5050		0	3
2861		0	2
4411		0	3
5137		0	3
6553		0	3
4089		0	3
2613		0	2
3850		0	3
3754		0	3
5886		0	3
1213		0	0
6447		0	3
4223		0	3
2813		0	2
187		0	0
6437		0	3
1983		0	1
982		0	0
2879		0	2
5740		0	3
6270		0	3
2419		0	1
1168		0	0
1287		0	0
916		0	0
4201		0	3
856		0	0
1148		0	0
6293		0	3
5776		0	3
5083		0	3
2016		0	1
1806		0	1
2354		0	1
207		0	0
5977		0	3
4884		0	3
6390		0	3
6248		0	3
2501		0	2
4193		0	3
725		0	0
652		0	0
3000		0	3
5221		0	3
876		0	0
3776		0	3
2329		0	1
4647		0	3
190		0	0
3124		0	3
2075		0	1
57		0	0
6312		0	3
4320		0	3
2066		0	1
5530		0	3
1288		0	0
4775		0	3
2687		0	2
4186		0	3
5738		0	3
5652		0	3
5424		0	3
1640		0	1
1590		0	1
3763		0	3
6149		0	3
4299		0	3
1000		0	0
2730		0	2
1648		0	1
2864		0	2
336		0	0
5345		0	3
4854		0	3
3939		0	3
2323		0	1
6420		0	3
5703		0	3
2880		0	2
941		0	0
1204		0	0
4823		0	3
1910		0	1
2631		0	2
5271		0	3
2386		0	1
3895		0	3
3632		0	3
1992		0	1
3132		0	3
5356		0	3
454		0	0
764		0	0
2492		0	2
4849		0	3
1256		0	0
6067		0	3
5570		0	3
3152		0	3
805		0	0
5071		0	3
816		0	0
6537		0	3
6115		0	3
4875		0	3
4525		0	3
2300		0	1
6040		0	3
6249		0	3
1245		0	0
6325		0	3
5537		0	3
3187		0	3
2113		0	1
3792		0	3
3760		0	3
3535		0	3
1759		0	1
4281		0	3
625		0	0
5460		0	3
6301		0	3
3478		0	3
258		0	0
565		0	0
6257		0	3
2926		0	2
4210		0	3
2691		0	2
492		0	0
829		0	0
1167		0	0
5488		0	3
4937		0	3
1154		0	0
3816		0	3
4728		0	3
6005		0	3
667		0	0
4416		0	3
1750		0	1
264		0	0
6378		0	3
6411		0	3
3639		0	3
5675		0	3
2704		0	2
4687		0	3
149		0	0
3472		0	3
5997		0	3
5681		0	3
3830		0	3
1269		0	0
489		0	0
4825		0	3
2172		0	1
3999		0	3
5010		0	3
5365		0	3
3552		0	3
1510		0	1
1065		0	0
4621		0	3
2493		0	2
3215		0	3
4209		0	3
3389		0	3
1161		0	0
5566		0	3
1217		0	0
6345		0	3
3341		0	3
5453		0	3
738		0	0
5317		0	3
6069		0	3
4252		0	3
2166		0	1
1260		0	0
4870		0	3
4445		0	3
6395		0	3
614		0	0
2232		0	1
4940		0	3
1564		0	1
59		0	0
1455		0	1
799		0	0
1733		0	1
1815		0	1
3699		0	3
5302		0	3
5425		0	3
3626		0	3
2175		0	1
324		0	0
6016		0	3
6138		0	3
5970		0	3
3648		0	3
5964		0	3
4642		0	3
4369		0	3
1755		0	1
2259		0	1
810		0	0
728		0	0
5209		0	3
1825		0	1
4080		0	3
4708		0	3
3007		0	3
509		0	0
2384		0	1
4335		0	3
5808		0	3
839		0	0
578		0	0
5310		0	3
935		0	0
1249		0	0
1923		0	1
1732		0	1
2574		0	2
2951		0	2
5910		0	3
5697		0	3
1919		0	1
5600		0	3
515		0	0
4611		0	3
3080		0	3
2916		0	2
6372		0	3
4636		0	3
